38 4.51999999999999957 124.980000000000004 1 0 0 1
33 2.41999999999999993 9.84999999999999964 0 0 0 1
34 4.5 15 1 0 0 1
31 2.54000000000000004 137.870000000000005 0 0 0 1
32 9.78999999999999915 546.5 1 0 0 1
23 2.5 92 0 0 0 1
28 3.95999999999999996 40.8299999999999983 0 0 0 1
29 2.37000000000000011 150.789999999999992 1 0 0 1
37 3.79999999999999982 777.82000000000005 1 0 0 1
28 3.20000000000000018 52.5799999999999983 0 0 0 1
31 3.95000000000000018 256.660000000000025 1 0 0 1
42 1.97999999999999998 0 1 0 0 0
30 1.72999999999999998 0 1 0 0 0
29 2.45000000000000018 78.8700000000000045 1 0 0 1
35 1.90999999999999992 42.6199999999999974 1 0 0 1
41 3.20000000000000018 335.430000000000007 1 0 0 1
40 4 248.719999999999999 1 0 0 1
30 3 0 1 0 7 0
40 10 548.029999999999973 1 1 0 1
46 3.39999999999999991 0 0 0 3 0
35 2.35000000000000009 43.3400000000000034 1 0 0 1
25 1.87999999999999989 0 0 0 1 0
34 2 218.52000000000001 1 0 0 1
36 4 170.639999999999986 0 0 1 1
43 5.13999999999999968 37.5799999999999983 1 0 0 1
30 4.50999999999999979 502.199999999999989 0 0 0 1
22 3.83999999999999986 0 0 1 0 0
22 1.5 73.1800000000000068 0 0 0 1
34 2.5 0 1 0 0 0
40 5.5 1532.76999999999998 1 0 0 1
22 2.0299999999999998 42.6899999999999977 0 0 0 1
29 3.20000000000000018 417.829999999999984 0 0 1 1
25 3.14999999999999991 0 1 0 1 0
21 2.4700000000000002 552.720000000000027 1 0 0 1
24 3 222.539999999999992 0 0 0 1
43 3.54000000000000004 541.299999999999955 1 0 0 1
43 2.2799999999999998 0 0 0 0 0
37 5.70000000000000018 568.769999999999982 1 0 0 1
27 3.5 344.470000000000027 0 0 0 1
28 4.59999999999999964 405.350000000000023 1 0 0 1
26 3 310.939999999999998 1 0 0 1
23 2.58999999999999986 53.6499999999999986 0 0 0 1
30 1.51000000000000001 63.9200000000000017 0 0 0 1
30 1.85000000000000009 165.849999999999994 0 0 0 1
38 2.60000000000000009 9.58000000000000007 0 0 0 1
28 1.80000000000000004 0 0 1 0 0
36 2 319.490000000000009 0 0 0 1
38 3.25999999999999979 0 0 0 0 0
26 2.35000000000000009 83.0799999999999983 0 0 0 1
28 7 644.830000000000041 1 0 0 1
50 3.60000000000000009 0 0 0 0 0
24 2 93.2000000000000028 0 0 0 1
21 1.69999999999999996 105.040000000000006 0 0 0 1
24 2.79999999999999982 34.1300000000000026 0 0 0 1
26 2.39999999999999991 41.1899999999999977 0 0 0 1
33 3 169.889999999999986 0 0 1 1
34 4.79999999999999982 1898.02999999999997 0 0 0 1
33 3.18000000000000016 810.389999999999986 0 0 0 1
45 1.80000000000000004 0 0 0 0 0
21 1.5 32.7800000000000011 0 0 0 1
25 3 95.7999999999999972 0 0 2 1
27 2.2799999999999998 27.7800000000000011 0 0 0 1
26 2.79999999999999982 215.069999999999993 0 0 0 1
22 2.70000000000000018 79.5100000000000051 0 0 0 1
27 4.90000000000000036 0 1 0 3 0
26 2.5 0 0 1 0 0
41 6 306.029999999999973 0 1 0 1
42 3.89999999999999991 104.540000000000006 0 0 0 1
22 5.09999999999999964 0 0 0 0 0
25 3.06999999999999984 642.470000000000027 0 0 0 1
31 2.45999999999999996 308.050000000000011 1 0 0 1
27 2 186.349999999999994 0 0 0 1
33 3.25 56.1499999999999986 0 0 0 1
37 2.7200000000000002 129.370000000000005 0 0 0 1
27 2.20000000000000018 93.1099999999999994 0 0 0 1
24 4.09999999999999964 0 0 0 1 0
24 3.75 292.660000000000025 0 0 0 1
25 2.87999999999999989 98.4599999999999937 0 0 0 1
36 3.04999999999999982 258.550000000000011 0 0 0 1
33 2.54999999999999982 101.680000000000007 0 0 0 1
33 4 0 0 0 0 0
55 2.64000000000000012 65.25 1 0 1 1
20 1.64999999999999991 108.609999999999999 0 0 0 1
29 2.39999999999999991 49.5600000000000023 0 0 0 1
40 3.70999999999999996 0 0 0 3 0
41 7.24000000000000021 235.569999999999993 1 0 0 1
41 4.38999999999999968 0 1 0 0 0
35 3.29999999999999982 0 1 0 0 0
24 2.29999999999999982 0 0 0 0 0
54 4.17999999999999972 0 0 0 1 0
34 2.49000000000000021 0 0 0 2 0
45 2.81000000000000005 0 1 0 0 0
43 2.39999999999999991 68.3799999999999955 0 0 0 1
35 1.5 0 0 0 4 0
36 8.40000000000000036 0 0 0 2 0
22 1.56000000000000005 0 0 0 0 1
33 6 474.149999999999977 1 0 1 1
25 3.60000000000000009 234.050000000000011 0 0 1 1
26 5 451.199999999999989 1 0 0 1
46 5.5 251.52000000000001 1 0 0 1
